RsaPrivateKey {
    pubkey_components: RsaPublicKey {
        n: BigUint {
            data: [
                1973153543727911613,
                6447518526696393088,
                12817412055135327810,
                11204595341474764346,
                1785991040284402764,
                12436941368395839250,
                4217396849586431278,
                10548311480539901607,
                10467281567191729693,
                5586444481086716748,
                4344389021187723044,
                4423328997565334026,
                359068705625060886,
                6041610883407694781,
                4288014313692725535,
                148440447949970825,
                8674473205123093021,
                3270212526411036847,
                8858554037976056951,
                15646049446021531600,
                12130595773665527359,
                5837428815015461593,
                9651516075419304841,
                5728748772071766467,
                7041906445506714741,
                2567251369613974508,
                6123977120705581703,
                279135340205928371,
                11744086234418065033,
                6650095832221162716,
                16751557266642256469,
                11185727627629782585,
            ],
        },
        e: BigUint {
            data: [
                65537,
            ],
        },
    },
    d: BigUint {
        data: [
            17338400227832274433,
            13951008129001013971,
            13719557781067928125,
            12818496811803397104,
            15311347392436181905,
            7943564151326595967,
            15533403065673350792,
            6096335525608557159,
            6138340291941767186,
            3623801973514488155,
            245314238924721402,
            4967197879284615407,
            8198682504885344757,
            10747995578955111754,
            7308059551284283233,
            4747467240784670769,
            7219606367773128182,
            2298688314629334347,
            466252172434675543,
            7031052908149363849,
            12259452556765439916,
            6163521988095584958,
            9538688462853183023,
            15214267452299534620,
            1362100883878666217,
            6123082657275592673,
            4564373610446630033,
            14178329036299406234,
            17263485911403889054,
            9890932625462974528,
            8986262424058704723,
            3094051763639969768,
        ],
    },
    primes: [
        BigUint {
            data: [
                3205965452581445637,
                15318543017613425792,
                4761706870912751451,
                13731173456923757615,
                403243385241333876,
                9586990631423086686,
                7181588138869590164,
                11178291139228521502,
                8023422603880054949,
                1923811621603903774,
                6484214381577447236,
                15069916504017742243,
                6601335281350606360,
                9377015961003487379,
                7651699928683036485,
                14275679052917460858,
            ],
        },
        BigUint {
            data: [
                2802605095853161817,
                16762202201482464117,
                12803335876567618675,
                4337890211277181118,
                3486434220793277319,
                17937002540787716047,
                15114619594118127971,
                15019566108094608379,
                9010221857956315196,
                8656393515952596546,
                6433774616268938365,
                13005804621933593283,
                13000211165348406487,
                5348512073863573183,
                13344172685071132996,
                14453971265411714243,
            ],
        },
    ],
    precomputed: Some(
        PrecomputedValues {
            dp: BigUint {
                data: [
                    11709370737098814697,
                    3196156086240486779,
                    7480338118976026615,
                    5282650011866462728,
                    2569052048000804422,
                    2948174994045180424,
                    12247357060712564066,
                    10061538656163616090,
                    13994184403953949936,
                    13830669368360125464,
                    5059131986786591963,
                    4080009548163888669,
                    156344643430377996,
                    8980574583115627833,
                    14750927957730357638,
                    6090857648010712124,
                ],
            },
            dq: BigUint {
                data: [
                    11023231037508031889,
                    10546818734752074811,
                    15788027980819643414,
                    5688638943647396028,
                    14614673096484191822,
                    2787701784032185036,
                    4431324941543828588,
                    3542912270804265826,
                    15900850516151321254,
                    1369609443308512918,
                    14376615947250704615,
                    14577782459112495927,
                    1298055533123570448,
                    10130916190538911042,
                    18080143085315791822,
                    7118807459983815437,
                ],
            },
            qinv: BigInt {
                sign: Plus,
                data: BigUint {
                    data: [
                        8063189750564500690,
                        15164189558078119152,
                        14259069630221903299,
                        14309700625854844023,
                        17440120584576497247,
                        16187879381407867886,
                        4591324274922644657,
                        15972010023553880671,
                        14516947363561104295,
                        427505817087315742,
                        1204313186776662310,
                        6330403452963155847,
                        14536665563406924318,
                        9102698359172108537,
                        5134373574343742518,
                        11390463728754812420,
                    ],
                },
            },
            crt_values: [],
        },
    ),
}
[
    104,
    101,
    108,
    108,
    111,
]
