RsaPrivateKey {
    pubkey_components: RsaPublicKey {
        n: BigUint {
            data: [
                1451740098854978397,
                9405085992509498063,
                7641694390100714276,
                3274529901937064620,
                3279933605422260998,
                16345924722971317779,
                9056340869480734626,
                5201636402766629118,
                3328641392044258005,
                75862249511537230,
                12401146864620512480,
                15414525184448616478,
                12996632086878120134,
                1845415935826842365,
                12595628927036602523,
                2396312108892833240,
                7446527343696297616,
                464519557390261633,
                3547422359723306144,
                2778515375920907765,
                2380746640648091004,
                1173278561196609883,
                15546391007207544278,
                2443807527090802478,
                6307313721767714350,
                12983117477402496514,
                9511051003485761894,
                1395619503932079512,
                17058480127231456078,
                16080793430222062083,
                4046023013139708399,
                14343876545475756333,
            ],
        },
        e: BigUint {
            data: [
                65537,
            ],
        },
    },
    d: BigUint {
        data: [
            10592710275316392533,
            1566319414118611457,
            759935773223361033,
            1013202915111187508,
            17777627503147505529,
            9395027939540514495,
            2455272216368452275,
            1221299803572037560,
            11874812404303669084,
            11057039240288321171,
            6529108241853844077,
            238385445943569496,
            12622608452450424872,
            3736646526151024323,
            16298885145975305313,
            13385338395669454993,
            8955874201256743360,
            13644022557300788588,
            7016120891893264597,
            17522058713317944348,
            7527123035449941537,
            7444801460830857200,
            7884686181689956472,
            17154470461101014515,
            18089638669922394520,
            9651145290478586795,
            18036205867583813731,
            6730663832154606284,
            14520443479987321071,
            3366219557948796060,
            6229366608340318598,
            687023032428222212,
        ],
    },
    primes: [
        BigUint {
            data: [
                11885215102694263371,
                13157853237456005713,
                4387892140194951051,
                11010707849764496654,
                13784419059579698255,
                17716693354239811369,
                4063309931438342468,
                7531232979331950461,
                15452470813338914441,
                822401008060016506,
                17785270042411313428,
                8063211973788166678,
                6941318884674859405,
                12843130369126705777,
                14372333853726258648,
                14496205357799415833,
            ],
        },
        BigUint {
            data: [
                16402506709168889847,
                1519926211956863947,
                2943072970953794796,
                2485194196770656645,
                13743761780580638619,
                1841670561764268451,
                1978247121864042998,
                11051522749641039891,
                5726717548039086992,
                9736818420251919445,
                12102343547520127876,
                1827702452565928492,
                16908286805708481888,
                17313320017565774143,
                8230281909235504105,
                18252902268448781937,
            ],
        },
    ],
    precomputed: Some(
        PrecomputedValues {
            dp: BigUint {
                data: [
                    8150503235882600379,
                    8591858979852123795,
                    2474115986772651040,
                    1465623317768613265,
                    7161719385519238830,
                    4366979640995967244,
                    8400619831844849167,
                    17770334873325305397,
                    9213165023898832612,
                    14424730757457837506,
                    16998310405577732389,
                    15505039651096448141,
                    18436560859168549065,
                    11864877063624180371,
                    10191249534669313506,
                    11910923025346609445,
                ],
            },
            dq: BigUint {
                data: [
                    5949762528902947459,
                    9080984811468283849,
                    999191992699925017,
                    16236110287723627731,
                    4753495665693251738,
                    11922190104098027325,
                    17196253953084066233,
                    6592522637287418149,
                    11088443874248384060,
                    10918412872775281259,
                    10053196354908193878,
                    15047785347589125288,
                    7727377267710097370,
                    10770637269189003329,
                    8425054033975671965,
                    10477378128946621415,
                ],
            },
            qinv: BigInt {
                sign: Plus,
                data: BigUint {
                    data: [
                        8817150411546130275,
                        13613913747123212893,
                        5708922513924373321,
                        7361560801958413201,
                        6204405636667042926,
                        8005954877059975853,
                        12181200774541166407,
                        10605664152790471895,
                        11317077674277651684,
                        9839083905456402083,
                        10134965208256936005,
                        3201767398437415727,
                        12514449163952546852,
                        11789494631287884381,
                        775376340430963037,
                        2011803440540594807,
                    ],
                },
            },
            crt_values: [],
        },
    ),
}
[
    28,
    239,
    198,
    239,
    106,
    106,
    60,
    142,
    76,
    108,
    37,
    184,
    242,
    165,
    29,
    185,
    157,
    244,
    197,
    77,
    124,
    19,
    134,
    107,
    89,
    160,
    248,
    157,
    109,
    214,
    31,
    226,
    135,
    89,
    241,
    229,
    74,
    173,
    17,
    45,
    120,
    136,
    98,
    216,
    194,
    116,
    125,
    145,
    25,
    76,
    66,
    17,
    112,
    7,
    25,
    244,
    239,
    117,
    140,
    20,
    10,
    36,
    119,
    49,
    35,
    190,
    147,
    71,
    198,
    213,
    19,
    107,
    248,
    240,
    236,
    80,
    234,
    110,
    20,
    170,
    34,
    237,
    49,
    10,
    240,
    135,
    137,
    108,
    40,
    122,
    196,
    30,
    253,
    77,
    108,
    214,
    6,
    158,
    130,
    232,
    186,
    119,
    142,
    139,
    69,
    72,
    84,
    144,
    126,
    215,
    127,
    62,
    32,
    110,
    113,
    16,
    140,
    238,
    123,
    153,
    147,
    252,
    177,
    159,
    137,
    171,
    200,
    117,
    165,
    180,
    85,
    224,
    6,
    251,
    173,
    112,
    51,
    59,
    87,
    41,
    39,
    197,
    98,
    86,
    77,
    95,
    188,
    89,
    149,
    51,
    113,
    51,
    203,
    64,
    120,
    141,
    113,
    74,
    190,
    13,
    59,
    217,
    92,
    251,
    61,
    49,
    52,
    165,
    110,
    236,
    147,
    32,
    163,
    225,
    14,
    246,
    11,
    248,
    181,
    120,
    120,
    105,
    218,
    93,
    46,
    198,
    218,
    141,
    6,
    128,
    91,
    96,
    120,
    122,
    235,
    208,
    99,
    170,
    187,
    175,
    145,
    140,
    185,
    212,
    36,
    124,
    92,
    215,
    53,
    99,
    128,
    136,
    106,
    211,
    237,
    217,
    179,
    95,
    28,
    213,
    237,
    100,
    50,
    214,
    120,
    111,
    115,
    71,
    94,
    189,
    192,
    131,
    90,
    20,
    57,
    0,
    70,
    3,
    190,
    113,
    98,
    237,
    220,
    76,
    242,
    188,
    182,
    92,
    124,
    75,
    146,
    217,
    240,
    13,
    135,
    38,
]
